A<-5*6+2-3
B<-6+6+3*9/2
INTEGER Z<-3-2*2